lat	lon	alt
37.42159529	-122.24640598	99.3099823
37.42159529	-122.24632166	97.889976501
37.42159529	-122.24623734	99.148422241
37.42159529	-122.24615302	100.968421936
37.42159529	-122.2460687	101.828422546
37.42159529	-122.24598438	102.604309082
37.42159529	-122.24590006	103.224311829
37.42159529	-122.24581574	103.564308167
37.42159529	-122.24573142	103.855445862
37.42159529	-122.2456471	104.215446472
37.42159529	-122.24556278	105.035446167
37.42159529	-122.24547846	105.651535034
37.42159529	-122.24539414	106.451538086
37.42159529	-122.24530982	107.171539307
37.42159529	-122.2452255	107.954231262
37.42159529	-122.24514118	108.554229736
37.42159529	-122.24505686	109.734230042
37.42159529	-122.24497254	110.881782532
37.42159529	-122.24488822	111.741783142
37.42159529	-122.2448039	112.281784058
37.42166722	-122.24640598	98.509979248
37.42166722	-122.24632166	98.66998291
37.42166722	-122.24623734	100.228416443
37.42166722	-122.24615302	101.788421631
37.42166722	-122.2460687	102.508422852
37.42166722	-122.24598438	103.324310303
37.42166722	-122.24590006	104.124305725
37.42166722	-122.24581574	104.58430481
37.42166722	-122.24573142	104.935447693
37.42166722	-122.2456471	105.295448303
37.42166722	-122.24556278	105.995445251
37.42166722	-122.24547846	106.511535645
37.42166722	-122.24539414	107.05153656
37.42166722	-122.24530982	107.591537476
37.42166722	-122.2452255	108.174232483
37.42166722	-122.24514118	108.634231567
37.42166722	-122.24505686	109.614234924
37.42166722	-122.24497254	110.72177887
37.42166722	-122.24488822	111.621780396
37.42166722	-122.2448039	112.161781311
37.42173915	-122.24640598	98.348876953
37.42173915	-122.24632166	100.368881226
37.42173915	-122.24623734	101.88584137
37.42173915	-122.24615302	102.965843201
37.42173915	-122.2460687	103.485839844
37.42173915	-122.24598438	104.199676514
37.42173915	-122.24590006	105.259681702
37.42173915	-122.24581574	105.859680176
37.42173915	-122.24573142	106.102600098
37.42173915	-122.2456471	106.342597961
37.42173915	-122.24556278	107.322601318
37.42173915	-122.24547846	107.841636658
37.42173915	-122.24539414	108.341636658
37.42173915	-122.24530982	108.761634827
37.42173915	-122.2452255	109.027275085
37.42173915	-122.24514118	109.227279663
37.42173915	-122.24505686	109.727279663
37.42173915	-122.24497254	110.405685425
37.42173915	-122.24488822	111.22568512
37.42173915	-122.2448039	111.805686951
37.42181108	-122.24640598	99.68888092
37.42181108	-122.24632166	101.888877869
37.42181108	-122.24623734	102.965843201
37.42181108	-122.24615302	103.725845337
37.42181108	-122.2460687	104.305839539
37.42181108	-122.24598438	105.159675598
37.42181108	-122.24590006	106.059677124
37.42181108	-122.24581574	106.559677124
37.42181108	-122.24573142	106.722602844
37.42181108	-122.2456471	107.002601624
37.42181108	-122.24556278	108.182601929
37.42181108	-122.24547846	108.781639099
37.42181108	-122.24539414	109.281639099
37.42181108	-122.24530982	109.481636047
37.42181108	-122.2452255	109.627281189
37.42181108	-122.24514118	109.807281494
37.42181108	-122.24505686	110.207275391
37.42181108	-122.24497254	110.58568573
37.42181108	-122.24488822	111.08568573
37.42181108	-122.2448039	111.565681458
37.42188301	-122.24640598	101.268882751
37.42188301	-122.24632166	103.288879395
37.42188301	-122.24623734	104.005844116
37.42188301	-122.24615302	104.74584198
37.42188301	-122.2460687	105.405845642
37.42188301	-122.24598438	106.479675293
37.42188301	-122.24590006	107.199676514
37.42188301	-122.24581574	107.379676819
37.42188301	-122.24573142	107.662597656
37.42188301	-122.2456471	108.162597656
37.42188301	-122.24556278	109.242599487
37.42188301	-122.24547846	109.781639099
37.42188301	-122.24539414	110.121635437
37.42188301	-122.24530982	110.101638794
37.42188301	-122.2452255	110.207275391
37.42188301	-122.24514118	110.387275696
37.42188301	-122.24505686	110.707275391
37.42188301	-122.24497254	110.985679626
37.42188301	-122.24488822	111.265686035
37.42188301	-122.2448039	111.545684814
37.42195494	-122.24640598	102.964950562
37.42195494	-122.24632166	104.644950867
37.42195494	-122.24623734	105.54990387
37.42195494	-122.24615302	106.929901123
37.42195494	-122.2460687	107.689903259
37.42195494	-122.24598438	108.506942749
37.42195494	-122.24590006	109.126937866
37.42195494	-122.24581574	108.886940002
37.42195494	-122.24573142	109.684440613
37.42195494	-122.2456471	110.584442139
37.42195494	-122.24556278	111.104438782
37.42195494	-122.24547846	111.234657288
37.42195494	-122.24539414	111.25466156
37.42195494	-122.24530982	111.234657288
37.42195494	-122.2452255	111.213882446
37.42195494	-122.24514118	111.233886719
37.42195494	-122.24505686	111.393882751
37.42195494	-122.24497254	111.706596375
37.42195494	-122.24488822	111.966598511
37.42195494	-122.2448039	112.066596985
37.42202687	-122.24640598	103.784950256
37.42202687	-122.24632166	105.52495575
37.42202687	-122.24623734	106.76990509
37.42202687	-122.24615302	108.209899902
37.42202687	-122.2460687	108.829902649
37.42202687	-122.24598438	109.22693634
37.42202687	-122.24590006	109.526939392
37.42202687	-122.24581574	109.686943054
37.42202687	-122.24573142	110.944442749
37.42202687	-122.2456471	111.544441223
37.42202687	-122.24556278	111.924438477
37.42202687	-122.24547846	112.054656982
37.42202687	-122.24539414	112.174659729
37.42202687	-122.24530982	112.234657288
37.42202687	-122.2452255	112.133880615
37.42202687	-122.24514118	112.013885498
37.42202687	-122.24505686	112.013885498
37.42202687	-122.24497254	112.186599731
37.42202687	-122.24488822	112.306602478
37.42202687	-122.2448039	112.446601868
37.4220988	-122.24640598	103.724952698
37.4220988	-122.24632166	106.364952087
37.4220988	-122.24623734	108.469902039
37.4220988	-122.24615302	109.349899292
37.4220988	-122.2460687	109.429901123
37.4220988	-122.24598438	109.566940308
37.4220988	-122.24590006	110.186943054
37.4220988	-122.24581574	110.706939697
37.4220988	-122.24573142	111.564437866
37.4220988	-122.2456471	112.064437866
37.4220988	-122.24556278	112.404441833
37.4220988	-122.24547846	112.594657898
37.4220988	-122.24539414	112.834655762
37.4220988	-122.24530982	112.934661865
37.4220988	-122.2452255	112.873886108
37.4220988	-122.24514118	112.753883362
37.4220988	-122.24505686	112.653884888
37.4220988	-122.24497254	112.686599731
37.4220988	-122.24488822	112.706596375
37.4220988	-122.2448039	112.806602478
37.42217073	-122.24640598	104.954536438
37.42217073	-122.24632166	108.454536438
37.42217073	-122.24623734	110.336921692
37.42217073	-122.24615302	110.596923828
37.42217073	-122.2460687	110.456924438
37.42217073	-122.24598438	110.572967529
37.42217073	-122.24590006	111.312965393
37.42217073	-122.24581574	111.892967224
37.42217073	-122.24573142	112.473503113
37.42217073	-122.2456471	112.933502197
37.42217073	-122.24556278	113.253501892
37.42217073	-122.24547846	113.442375183
37.42217073	-122.24539414	113.662376404
37.42217073	-122.24530982	113.762374878
37.42217073	-122.2452255	113.785644531
37.42217073	-122.24514118	113.725646973
37.42217073	-122.24505686	113.625640869
37.42217073	-122.24497254	113.517753601
37.42217073	-122.24488822	113.357749939
37.42217073	-122.2448039	113.377746582
37.42224266	-122.24640598	106.854537964
37.42224266	-122.24632166	109.934532166
37.42224266	-122.24623734	110.936920166
37.42224266	-122.24615302	110.996925354
37.42224266	-122.2460687	110.996925354
37.42224266	-122.24598438	111.252967834
37.42224266	-122.24590006	112.012969971
37.42224266	-122.24581574	112.65296936
37.42224266	-122.24573142	113.273506165
37.42224266	-122.2456471	113.733505249
37.42224266	-122.24556278	113.973503113
37.42224266	-122.24547846	114.122375488
37.42224266	-122.24539414	114.282371521
37.42224266	-122.24530982	114.302375793
37.42224266	-122.2452255	114.305641174
37.42224266	-122.24514118	114.285644531
37.42224266	-122.24505686	114.185646057
37.42224266	-122.24497254	114.037750244
37.42224266	-122.24488822	113.79775238
37.42224266	-122.2448039	113.757751465
37.42231459	-122.24640598	109.154533386
37.42231459	-122.24632166	110.874534607
37.42231459	-122.24623734	111.116920471
37.42231459	-122.24615302	111.096923828
37.42231459	-122.2460687	111.136924744
37.42231459	-122.24598438	111.532966614
37.42231459	-122.24590006	112.672966003
37.42231459	-122.24581574	113.592964172
37.42231459	-122.24573142	114.253501892
37.42231459	-122.2456471	114.733505249
37.42231459	-122.24556278	114.773506165
37.42231459	-122.24547846	114.982376099
37.42231459	-122.24539414	115.022377014
37.42231459	-122.24530982	114.982376099
37.42231459	-122.2452255	114.865646362
37.42231459	-122.24514118	114.745643616
37.42231459	-122.24505686	114.605644226
37.42231459	-122.24497254	114.457748413
37.42231459	-122.24488822	114.237747192
37.42231459	-122.2448039	114.137748718
37.42238652	-122.24640598	110.574539185
37.42238652	-122.24632166	111.434532166
37.42238652	-122.24623734	111.356918335
37.42238652	-122.24615302	111.376922607
37.42238652	-122.2460687	111.856918335
37.42238652	-122.24598438	113.212966919
37.42238652	-122.24590006	114.632965088
37.42238652	-122.24581574	115.452964783
37.42238652	-122.24573142	115.913505554
37.42238652	-122.2456471	116.473503113
37.42238652	-122.24556278	116.373504639
37.42238652	-122.24547846	116.322372437
37.42238652	-122.24539414	115.962371826
37.42238652	-122.24530982	115.802375793
37.42238652	-122.2452255	115.625640869
37.42238652	-122.24514118	115.425643921
37.42238652	-122.24505686	115.125640869
37.42238652	-122.24497254	114.917747498
37.42238652	-122.24488822	114.757751465
37.42238652	-122.2448039	114.677749634
37.42245845	-122.24640598	111.664451599
37.42245845	-122.24632166	112.604454041
37.42245845	-122.24623734	112.470924377
37.42245845	-122.24615302	112.650924683
37.42245845	-122.2460687	113.330924988
37.42245845	-122.24598438	114.81539917
37.42245845	-122.24590006	116.035400391
37.42245845	-122.24581574	116.535400391
37.42245845	-122.24573142	116.948669434
37.42245845	-122.2456471	117.368675232
37.42245845	-122.24556278	117.228675842
37.42245845	-122.24547846	116.97467041
37.42245845	-122.24539414	116.554664612
37.42245845	-122.24530982	116.254669189
37.42245845	-122.2452255	115.93145752
37.42245845	-122.24514118	115.711456299
37.42245845	-122.24505686	115.43145752
37.42245845	-122.24497254	115.180465698
37.42245845	-122.24488822	114.98046875
37.42245845	-122.2448039	114.820465088
37.42253038	-122.24640598	112.604454041
37.42253038	-122.24632166	113.684448242
37.42253038	-122.24623734	113.750923157
37.42253038	-122.24615302	114.170921326
37.42253038	-122.2460687	114.930923462
37.42253038	-122.24598438	116.255401611
37.42253038	-122.24590006	117.115402222
37.42253038	-122.24581574	117.375404358
37.42253038	-122.24573142	117.848670959
37.42253038	-122.2456471	118.108673096
37.42253038	-122.24556278	117.848670959
37.42253038	-122.24547846	117.47467041
37.42253038	-122.24539414	117.034667969
37.42253038	-122.24530982	116.674667358
37.42253038	-122.2452255	116.231460571
37.42253038	-122.24514118	115.991462708
37.42253038	-122.24505686	115.691459656
37.42253038	-122.24497254	115.400466919
37.42253038	-122.24488822	115.140464783
37.42253038	-122.2448039	114.960464478
37.42260231	-122.24640598	113.584449768
37.42260231	-122.24632166	114.764450073
37.42260231	-122.24623734	115.550926208
37.42260231	-122.24615302	116.350921631
37.42260231	-122.2460687	116.910926819
37.42260231	-122.24598438	117.555404663
37.42260231	-122.24590006	117.915405273
37.42260231	-122.24581574	118.255401611
37.42260231	-122.24573142	118.848670959
37.42260231	-122.2456471	118.868675232
37.42260231	-122.24556278	118.388671875
37.42260231	-122.24547846	117.934669495
37.42260231	-122.24539414	117.434669495
37.42260231	-122.24530982	117.174667358
37.42260231	-122.2452255	116.79145813
37.42260231	-122.24514118	116.471458435
37.42260231	-122.24505686	116.051460266
37.42260231	-122.24497254	115.700469971
37.42260231	-122.24488822	115.34046936
37.42260231	-122.2448039	115.200469971
37.42267424	-122.24640598	114.285919189
37.42267424	-122.24632166	115.565917969
37.42267424	-122.24623734	116.461547852
37.42267424	-122.24615302	117.301544189
37.42267424	-122.2460687	117.701545715
37.42267424	-122.24598438	118.032653809
37.42267424	-122.24590006	118.492652893
37.42267424	-122.24581574	118.992652893
37.42267424	-122.24573142	119.352279663
37.42267424	-122.2456471	119.152282715
37.42267424	-122.24556278	118.732284546
37.42267424	-122.24547846	118.191246033
37.42267424	-122.24539414	117.67124176
37.42267424	-122.24530982	117.411247253
37.42267424	-122.2452255	117.119773865
37.42267424	-122.24514118	116.819770813
37.42267424	-122.24505686	116.359771729
37.42267424	-122.24497254	115.874702454
37.42267424	-122.24488822	115.434700012
37.42267424	-122.2448039	115.354698181
37.42274617	-122.24640598	115.285919189
37.42274617	-122.24632166	116.265922546
37.42274617	-122.24623734	117.041549683
37.42274617	-122.24615302	118.081550598
37.42274617	-122.2460687	118.641548157
37.42274617	-122.24598438	119.132652283
37.42274617	-122.24590006	119.452651978
37.42274617	-122.24581574	119.672653198
37.42274617	-122.24573142	119.752281189
37.42274617	-122.2456471	119.492279053
37.42274617	-122.24556278	119.052284241
37.42274617	-122.24547846	118.651245117
37.42274617	-122.24539414	118.111244202
37.42274617	-122.24530982	117.591247559
37.42274617	-122.2452255	117.199775696
37.42274617	-122.24514118	116.959770203
37.42274617	-122.24505686	116.519775391
37.42274617	-122.24497254	115.954704285
37.42274617	-122.24488822	115.534698486
37.42274617	-122.2448039	115.534698486
37.4228181	-122.24640598	116.285919189
37.4228181	-122.24632166	116.885917664
37.4228181	-122.24623734	117.841545105
37.4228181	-122.24615302	119.181549072
37.4228181	-122.2460687	119.901550293
37.4228181	-122.24598438	120.452651978
37.4228181	-122.24590006	120.672653198
37.4228181	-122.24581574	120.752655029
37.4228181	-122.24573142	120.632286072
37.4228181	-122.2456471	120.19228363
37.4228181	-122.24556278	119.552284241
37.4228181	-122.24547846	119.151245117
37.4228181	-122.24539414	118.551246643
37.4228181	-122.24530982	117.891242981
37.4228181	-122.2452255	117.379776001
37.4228181	-122.24514118	117.099769592
37.4228181	-122.24505686	116.639770508
37.4228181	-122.24497254	116.094703674
37.4228181	-122.24488822	115.714698792
37.4228181	-122.2448039	115.774703979
37.422890030000005	-122.24640598	116.685920715
37.422890030000005	-122.24632166	117.345916748
37.422890030000005	-122.24623734	118.581550598
37.422890030000005	-122.24615302	119.941551208
37.422890030000005	-122.2460687	120.581550598
37.422890030000005	-122.24598438	121.092651367
37.422890030000005	-122.24590006	121.292655945
37.422890030000005	-122.24581574	121.392654419
37.422890030000005	-122.24573142	121.212280273
37.422890030000005	-122.2456471	120.632286072
37.422890030000005	-122.24556278	119.872283936
37.422890030000005	-122.24547846	119.391242981
37.422890030000005	-122.24539414	118.731246948
37.422890030000005	-122.24530982	118.091247559
37.422890030000005	-122.2452255	117.539772034
37.422890030000005	-122.24514118	117.199775696
37.422890030000005	-122.24505686	116.699775696
37.422890030000005	-122.24497254	116.174697876
37.422890030000005	-122.24488822	115.894699097
37.422890030000005	-122.2448039	115.934700012
37.42296196	-122.24640598	117.073806763
37.42296196	-122.24632166	118.213806152
37.42296196	-122.24623734	119.571983337
37.42296196	-122.24615302	120.651985168
37.42296196	-122.2460687	121.171981812
37.42296196	-122.24598438	121.621322632
37.42296196	-122.24590006	121.801322937
37.42296196	-122.24581574	121.781318665
37.42296196	-122.24573142	121.601287842
37.42296196	-122.2456471	120.841293335
37.42296196	-122.24556278	120.16129303
37.42296196	-122.24547846	119.637786865
37.42296196	-122.24539414	118.917785645
37.42296196	-122.24530982	118.257781982
37.42296196	-122.2452255	117.674057007
37.42296196	-122.24514118	117.314056396
37.42296196	-122.24505686	116.794052124
37.42296196	-122.24497254	116.294311523
37.42296196	-122.24488822	116.094314575
37.42296196	-122.2448039	116.094314575
