elevations
99.309982300
97.889976501
99.148422241
100.968421936
101.828422546
102.604309082
103.224311829
103.564308167
103.855445862
104.215446472
105.035446167
105.651535034
106.451538086
107.171539307
107.954231262
108.554229736
109.734230042
110.881782532
111.741783142
112.281784058
98.509979248
98.669982910
100.228416443
101.788421631
102.508422852
103.324310303
104.124305725
104.584304810
104.935447693
105.295448303
105.995445251
106.511535645
107.051536560
107.591537476
108.174232483
108.634231567
109.614234924
110.721778870
111.621780396
112.161781311
98.348876953
100.368881226
101.885841370
102.965843201
103.485839844
104.199676514
105.259681702
105.859680176
106.102600098
106.342597961
107.322601318
107.841636658
108.341636658
108.761634827
109.027275085
109.227279663
109.727279663
110.405685425
111.225685120
111.805686951
99.688880920
101.888877869
102.965843201
103.725845337
104.305839539
105.159675598
106.059677124
106.559677124
106.722602844
107.002601624
108.182601929
108.781639099
109.281639099
109.481636047
109.627281189
109.807281494
110.207275391
110.585685730
111.085685730
111.565681458
101.268882751
103.288879395
104.005844116
104.745841980
105.405845642
106.479675293
107.199676514
107.379676819
107.662597656
108.162597656
109.242599487
109.781639099
110.121635437
110.101638794
110.207275391
110.387275696
110.707275391
110.985679626
111.265686035
111.545684814
102.964950562
104.644950867
105.549903870
106.929901123
107.689903259
108.506942749
109.126937866
108.886940002
109.684440613
110.584442139
111.104438782
111.234657288
111.254661560
111.234657288
111.213882446
111.233886719
111.393882751
111.706596375
111.966598511
112.066596985
103.784950256
105.524955750
106.769905090
108.209899902
108.829902649
109.226936340
109.526939392
109.686943054
110.944442749
111.544441223
111.924438477
112.054656982
112.174659729
112.234657288
112.133880615
112.013885498
112.013885498
112.186599731
112.306602478
112.446601868
103.724952698
106.364952087
108.469902039
109.349899292
109.429901123
109.566940308
110.186943054
110.706939697
111.564437866
112.064437866
112.404441833
112.594657898
112.834655762
112.934661865
112.873886108
112.753883362
112.653884888
112.686599731
112.706596375
112.806602478
104.954536438
108.454536438
110.336921692
110.596923828
110.456924438
110.572967529
111.312965393
111.892967224
112.473503113
112.933502197
113.253501892
113.442375183
113.662376404
113.762374878
113.785644531
113.725646973
113.625640869
113.517753601
113.357749939
113.377746582
106.854537964
109.934532166
110.936920166
110.996925354
110.996925354
111.252967834
112.012969971
112.652969360
113.273506165
113.733505249
113.973503113
114.122375488
114.282371521
114.302375793
114.305641174
114.285644531
114.185646057
114.037750244
113.797752380
113.757751465
109.154533386
110.874534607
111.116920471
111.096923828
111.136924744
111.532966614
112.672966003
113.592964172
114.253501892
114.733505249
114.773506165
114.982376099
115.022377014
114.982376099
114.865646362
114.745643616
114.605644226
114.457748413
114.237747192
114.137748718
110.574539185
111.434532166
111.356918335
111.376922607
111.856918335
113.212966919
114.632965088
115.452964783
115.913505554
116.473503113
116.373504639
116.322372437
115.962371826
115.802375793
115.625640869
115.425643921
115.125640869
114.917747498
114.757751465
114.677749634
111.664451599
112.604454041
112.470924377
112.650924683
113.330924988
114.815399170
116.035400391
116.535400391
116.948669434
117.368675232
117.228675842
116.974670410
116.554664612
116.254669189
115.931457520
115.711456299
115.431457520
115.180465698
114.980468750
114.820465088
112.604454041
113.684448242
113.750923157
114.170921326
114.930923462
116.255401611
117.115402222
117.375404358
117.848670959
118.108673096
117.848670959
117.474670410
117.034667969
116.674667358
116.231460571
115.991462708
115.691459656
115.400466919
115.140464783
114.960464478
113.584449768
114.764450073
115.550926208
116.350921631
116.910926819
117.555404663
117.915405273
118.255401611
118.848670959
118.868675232
118.388671875
117.934669495
117.434669495
117.174667358
116.791458130
116.471458435
116.051460266
115.700469971
115.340469360
115.200469971
114.285919189
115.565917969
116.461547852
117.301544189
117.701545715
118.032653809
118.492652893
118.992652893
119.352279663
119.152282715
118.732284546
118.191246033
117.671241760
117.411247253
117.119773865
116.819770813
116.359771729
115.874702454
115.434700012
115.354698181
115.285919189
116.265922546
117.041549683
118.081550598
118.641548157
119.132652283
119.452651978
119.672653198
119.752281189
119.492279053
119.052284241
118.651245117
118.111244202
117.591247559
117.199775696
116.959770203
116.519775391
115.954704285
115.534698486
115.534698486
116.285919189
116.885917664
117.841545105
119.181549072
119.901550293
120.452651978
120.672653198
120.752655029
120.632286072
120.192283630
119.552284241
119.151245117
118.551246643
117.891242981
117.379776001
117.099769592
116.639770508
116.094703674
115.714698792
115.774703979
116.685920715
117.345916748
118.581550598
119.941551208
120.581550598
121.092651367
121.292655945
121.392654419
121.212280273
120.632286072
119.872283936
119.391242981
118.731246948
118.091247559
117.539772034
117.199775696
116.699775696
116.174697876
115.894699097
115.934700012
117.073806763
118.213806152
119.571983337
120.651985168
121.171981812
121.621322632
121.801322937
121.781318665
121.601287842
120.841293335
120.161293030
119.637786865
118.917785645
118.257781982
117.674057007
117.314056396
116.794052124
116.294311523
116.094314575
116.094314575
